[
    {
        "main/loss": 2.004428170621395, 
        "validation/main/loss": 1.3052066932817934, 
        "iteration": 16, 
        "elapsed_time": 21.827491998672485, 
        "epoch": 1, 
        "main/accuracy": 0.3369140625, 
        "validation/main/accuracy": 0.5136345541401274
    }, 
    {
        "main/loss": 1.1684589833021164, 
        "validation/main/loss": 1.18156895667884, 
        "iteration": 32, 
        "elapsed_time": 44.77727389335632, 
        "epoch": 2, 
        "main/accuracy": 0.5634765625, 
        "validation/main/accuracy": 0.5366242038216561
    }
]