[
    {
        "main/loss": 0.35208316187836974, 
        "validation/main/loss": 0.289196909470543, 
        "iteration": 938, 
        "elapsed_time": 234.79552507400513, 
        "epoch": 1, 
        "main/accuracy": 0.8697694562899787, 
        "validation/main/accuracy": 0.8848527070063694
    }, 
    {
        "main/loss": 0.28537687483932445, 
        "validation/main/loss": 0.2753215889642193, 
        "iteration": 1875, 
        "elapsed_time": 468.72937393188477, 
        "epoch": 2, 
        "main/accuracy": 0.8873065635005336, 
        "validation/main/accuracy": 0.886843152866242
    }, 
    {
        "main/loss": 0.27495100073564027, 
        "validation/main/loss": 0.27121204004925525, 
        "iteration": 2813, 
        "elapsed_time": 704.9187688827515, 
        "epoch": 3, 
        "main/accuracy": 0.8894922707889126, 
        "validation/main/accuracy": 0.8886345541401274
    }
]